0 9 91 151
1 43 5 48
2 2 6 7 165
3 69 8
4 64 9 144
5 18 22 78
6 73
7 69 198
8 30 11 13 30
9 4
10 94 8 7 6 14 5 12 31 181
11 67
12 18 9 15 17 188
13 3
14 88 16 18 11 74
15 65 149 159
16 76 13 19 11 21 188
17 32 13 21 53
18 34 21 22 111
19 1 78
20 93 21 24 15 124
21 94
22 89 25 100 13
23 75 21 25 164
24 29 19 106
25 51
26 57 25
27 73 30 23 31 32
28 43 30 32 23 33 47 99 165 87
29 81 32 25 168 186
30 16 25 43
31 42 137
32 28
33 72 38
34 9 93 19 51
35 72 145 9
36 21 75
37 6
38 15 43
39 25 35 43 0 55
40 35 43
41 41 37 11 176
42 9 90
43 84
44 56 49 96 157 117
45 81 49 40 92
46 18 42 138 43 59
47 59 136 53
48 80 172 122
49 96 61 179 82
50 70 38 45
51 62 53 47 55 127 162
52 53 53 55 56 47 57
53 73
54 39 58 59 14 9 170 101
55 82 56 42
56 68 61
57 27 62
58 40 42 68 84
59 29 64 97 186
60 83 63 64 55 96 68
61 91 89
62 50 64 25 100
63 1 68 179
64 68 68
65 77 68 61 136 53
66 79 68 61 71 98
67 49 64 62
68 15
69 58 64
70 5 72 73 66 74 65 13 194
71 47 69 74 75 3 194
72 96 99 36
73 8
74 3 78
75 96 79 80
76 21
77 71 73 82 26
78 36 82 106
79 19 132
80 24 95 143 106
81 85 82 84 77
82 78
83 46 140
84 67
85 9 82 89
86 34 82 90 81 121 10 117
87 75 89 83 129 99
88 72 85 84 83 39 76 173
89 93
90 65 142
91 13 89 95 184 33 26
92 73 89 95 97 188
93 42 96 88 98 114
94 49 98 77 80 105 187
95 14 159
96 66 101
97 65
98 38 130
99 12 109 170 13 132
100 15
101 73 97 106 100 17
102 40
103 67 102 122
104 11 100 108 99
105 59 108 109 171
106 67 110
107 3
108 37 110 119
109 88 165 134
110 19
111 31 109 114
112 43
113 98 109 118 98
114 53 149
115 43 110
116 23 120 183 74 81
117 77
118 23
119 100 165
120 41 125
121 19 31 175
122 52 82
123 98 120 119 9 68 73 112
124 9 130
125 49
126 8
127 83 132 196
128 63 125 132 151 176
129 26 125 134 43 126
130 79 13
131 92 135
132 43 13
133 10 130 137 138 49
134 1
135 82 137 45
136 93
137 66 142
138 53 142
139 25 143 144 117
140 3
141 49 137 170 135 167 194
142 95
143 32 148 2 32
144 90
145 35 140
146 43 148 149 151 194
147 99 165
148 16
149 24 164
150 23 149 151 148 145 161
151 68 43 35
152 34 149 155 148 147 58 162 116
153 72 157 148 95
154 1 157 158 106 133
155 76 129
156 57 63 196 31
157 7 43 84
158 59 21
159 59
160 58 165 175 147 76
161 26 169
162 65 158 128 104 120
163 71 159 13 55 104 144
164 17 169
165 78
166 27 161 171 117 48 23
167 46 17
168 73
169 48 165 112
170 13 165 64
171 58 174 167 176
172 90
173 39 42
174 8 40
175 21 170 188 6
176 27 179 58 16
177 94 179 61
178 96 179 181 174 182 173 183 135
179 39
180 96 34
181 69 179 177 176 186 150
182 70 179 186 177 122 139
183 63 186
184 57 188 179 189
185 91 186 183 188
186 81
187 60 185 189 190 92 33 47
188 85
189 81 194 142
190 63 195 160
191 30 186 139
192 63 194 189 195 196 197
193 35 196 197 198
194 71 198
195 85 198 90
196 98 198
197 44 195 176 53 173 77
198 84 82
199 79 198 195 53 67 129 108