0 9 224 91 151
1 43 5 48 260 259
2 2 299 6 7 254 283 165
3 69 8
4 64 9 299 214 144 276
5 18 22 295 78 258
6 73
7 69 198
8 30 11 13 30
9 4
10 94 8 7 6 14 5 12 31 181
11 67
12 18 9 15 17 289 188
13 3
14 88 16 18 11 212 74
15 65 149 206 159
16 76 13 19 11 21 264 188
17 32 13 21 53
18 34 21 22 219 111
19 1 207 78
20 93 21 24 15 124 203
21 94
22 89 25 100 13
23 75 21 25 164 262
24 29 19 106 264 229
25 51
26 57 25
27 73 30 23 31 32
28 43 30 32 23 33 47 99 165 87
29 81 32 25 168 186
30 16 25 43
31 42 137
32 28
33 72 38
34 9 93 19 51
35 72 145 9
36 21 261 75 264
37 6 252 222 214
38 15 43
39 25 35 43 256 0 55 232 229
40 35 43
41 41 37 11 238 176 282
42 9 90 207
43 84
44 56 49 219 96 157 117
45 81 49 40 251 92
46 18 42 138 43 59
47 59 136 53
48 80 172 122
49 96 61 202 179 82
50 70 38 45
51 62 53 47 55 127 162
52 53 53 55 56 47 57 242
53 73 203
54 39 58 59 14 9 170 101 285
55 82 56 42 262
56 68 61 297
57 27 62 201 288
58 40 42 68 277 84
59 29 64 97 226 186
60 83 63 64 55 96 68
61 91 250 89
62 50 64 25 274 100
63 1 68 179
64 68 68 267
65 77 68 61 203 136 53
66 79 68 61 71 98
67 49 64 62 217 218
68 15
69 58 64 229
70 5 72 73 66 74 65 13 194
71 47 69 74 75 202 3 194
72 96 274 99 216 36
73 8 247
74 3 78 285
75 96 79 80 252
76 21
77 71 73 82 26
78 36 82 106
79 19 132
80 24 95 273 221 143 106
81 85 82 84 77 260
82 78
83 46 250 140
84 67
85 9 82 89 287
86 34 82 90 81 121 10 117
87 75 89 83 201 129 99 221
88 72 85 84 83 39 76 173
89 93
90 65 142
91 13 89 95 184 33 26
92 73 89 95 97 188 241
93 42 96 88 98 114
94 49 98 77 80 105 187
95 14 159
96 66 101 262 213
97 65
98 38 130 200
99 12 109 170 13 132
100 15
101 73 97 106 100 17
102 40
103 67 102 122 222
104 11 100 108 99 299
105 59 108 109 171
106 67 110 233
107 3
108 37 110 119
109 88 165 134
110 19
111 31 109 114
112 43
113 98 109 118 98 273
114 53 149
115 43 110 269
116 23 120 183 74 81 297
117 77 262
118 23 253
119 100 165
120 41 125 203
121 19 31 255 175
122 52 82
123 98 120 119 9 68 286 73 279 112 272
124 9 130 239
125 49 51
126 8
127 83 132 211 196
128 63 125 132 151 176
129 26 125 134 43 287 126
130 79 13
131 92 135 255 205
132 43 13
133 10 130 137 138 49 217
134 1
135 82 137 45
136 93
137 66 142
138 53 142 274
139 25 143 144 252 117
140 3
141 49 137 170 135 167 249 223 194 224
142 95
143 32 148 2 32
144 90 228
145 35 140
146 43 148 149 151 253 194 210
147 99 165 241 290
148 16
149 24 164
150 23 149 151 148 145 298 161
151 68 43 35
152 34 149 155 148 147 58 162 116 246
153 72 157 148 95 287
154 1 157 158 106 133 210
155 76 129
156 57 63 196 31
157 7 43 84
158 59 21
159 59
160 58 165 175 147 76
161 26 169
162 65 158 128 104 219 120
163 71 159 13 55 104 144
164 17 169
165 78
166 27 161 171 117 48 23
167 46 17
168 73
169 48 165 292 112
170 13 165 64
171 58 174 167 176 286 221
172 90
173 39 42
174 8 297 40
175 21 170 262 188 6 293
176 27 179 58 16
177 94 179 61
178 96 179 181 174 182 173 183 225 289 135
179 39
180 96 294 230 34
181 69 179 177 176 186 150
182 70 179 186 177 257 122 221 139
183 63 186
184 57 188 179 189 221
185 91 186 183 188
186 81
187 60 185 189 190 92 33 47
188 85
189 81 194 142 283
190 63 195 160
191 30 186 139
192 63 194 189 195 196 197
193 35 196 197 198 247
194 71 198
195 85 198 90 276 293
196 98 198 201
197 44 195 202 176 53 173 77
198 84 82
199 79 198 195 53 67 261 129 108 218