1 10
10 4 3
11 3 1
12 6 6
13 6 2
14 6 3
15 8 10
16 9 2
17 9 2
18 8 8
19 2 7
2 6 0
20 10 4
21 4 0
22 5 8
23 8 5
24 6 2
25 10 5
26 9 8
27 2 2
28 1 27
29 5 25
3 7 1
30 4 2
31 3 10
32 7 2
33 8 2
34 4 2
35 1 1
36 4 16
37 2 6
38 10 3
39 4 1
4 7 1
40 10 34
41 8 3
42 5 9
43 5 25
44 3 17
45 9 6
46 5 12
47 4 30
48 10 35
49 2 3
5 4 2
50 8 12
51 3 12
52 3 1
53 7 3
54 4 36
55 10 3
56 2 1
57 8 3
58 4 41
59 9 4
6 5 3
60 4 27
61 3 20
62 7 32
63 9 59
64 2 31
65 9 1
66 5 3
67 8 2
68 9 3
69 8 59
7 8 1
70 2 15
71 7 61
72 6 17
73 8 33
74 5 8
75 10 8
76 2 6
77 4 70
78 5 3
79 1 5
8 9 2
80 1 2
81 6 39
82 6 57
83 3 80
84 8 37
85 5 75
86 5 59
87 2 2
88 3 67
89 4 37
9 10 5
90 4 25
91 9 3
92 4 80
93 1 33
94 1 5
95 1 3
96 1 2
97 10 36
98 5 2
99 9 74
0 1