99 6 66
98 7 47
97 10 84
96 7 8
95 4 0
94 7 2
93 7 3
92 6 1
91 8 1
90 3 10
9 4 2
89 1 82
88 4 1
87 3 64
86 2 81
85 4 11
84 9 3
83 9 1
82 1 20
81 4 45
80 8 8
8 3 1
79 2 38
78 7 8
77 8 59
76 10 66
75 7 10
74 3 72
73 7 36
72 1 3
71 9 66
70 3 49
7 3 0
69 2 10
68 2 66
67 1 32
66 7 1
65 7 22
64 6 10
63 8 51
62 6 8
61 4 35
60 9 33
6 5 1
59 8 1
58 4 45
57 2 32
56 3 21
55 1 8
54 6 22
53 6 8
52 2 21
51 4 26
50 7 8
5 4 0
49 7 36
48 4 33
47 3 11
46 7 10
45 4 32
44 3 1
43 3 38
42 1 26
41 2 35
40 6 6
4 6 1
39 9 0
38 5 1
37 8 0
36 4 8
35 6 25
34 8 9
33 5 16
32 4 0
31 7 0
30 7 0
3 1 1
29 8 25
28 3 13
27 10 8
26 8 9
25 3 0
24 1 21
23 10 1
22 2 8
21 9 9
20 8 13
2 7 1
199 10 148
198 9 108
197 10 135
196 3 115
195 10 155
194 6 148
193 8 135
192 1 173
191 1 126
190 5 148
19 6 3
189 1 158
188 3 125
187 3 133
186 3 104
185 1 111
184 5 137
183 9 104
182 2 134
181 2 112
180 2 113
18 1 1
179 9 108
178 10 158
177 8 155
176 7 101
175 9 104
174 10 118
173 4 148
172 6 102
171 5 120
170 1 109
17 1 0
169 1 148
168 3 103
167 3 102
166 8 101
165 2 103
164 6 137
163 7 101
162 2 131
161 2 111
160 5 124
16 4 10
159 6 101
158 1 116
157 5 103
156 6 116
155 8 126
154 3 108
153 3 104
152 9 138
151 9 146
150 7 119
15 5 9
149 8 111
148 5 107
147 10 107
146 9 104
145 6 125
144 9 100
143 6 125
142 7 109
141 9 132
140 2 102
14 1 8
139 5 103
138 5 107
137 10 103
136 3 104
135 1 112
134 6 110
133 4 103
132 4 110
131 10 101
130 6 104
13 1 11
129 8 106
128 6 102
127 9 101
126 1 101
125 8 104
124 3 107
123 4 114
122 7 106
121 9 104
120 4 102
12 8 1
119 8 101
118 4 109
117 6 103
116 1 104
115 8 114
114 7 108
113 1 110
112 6 110
111 5 101
110 8 101
11 1 8
109 10 102
108 5 101
107 9 101
106 9 104
105 6 104
104 2 102
103 1 102
102 6 100
101 10
100 1
10 9 2
1 8
0 1